tempo 50000
/* top line part 1 */
/* measure 1 */
note 0    8  20 79 100
note 8   16  20 86 100
note 16  28  20 82 100
note 28  32  20 81 80
/* measure 2 */
note 32  36  20 79 100
note 36  40  20 82 100
note 40  44  20 81 100
note 44  48  20 79 90
note 48  52  20 78 100
note 52  56  20 81 100
note 56  64  20 74 100
repeat 64
/* measure 3 */
note 64  68  20 79 100
note 68  72  20 74 85
note 72  76  20 81 100
note 76  80  20 74 90
note 80  84  20 82 100
note 84  86  20 81 90
note 86  88  20 79 85
note 88  92  20 81 100
note 92  96  20 74 80
/* measure 4 */
note 96  100 20 79 100
note 100 102 20 74 100
note 102 104 20 79 100
note 104 108 20 81 100
note 108 110 20 74 100
note 110 112 20 81 100
note 112 116 20 82 100
note 116 118 20 81 100
note 118 120 20 79 100
note 120 122 20 81 100
note 122 124 20 74 100
note 124 126 20 86 100
note 126 128 20 84 100
/* measure 5 */
note 128 130 20 82 100
note 130 132 20 81 100
note 132 134 20 79 100
note 134 136 20 82 100
note 136 138 20 81 100
note 138 140 20 79 100
note 140 142 20 78 100
note 142 144 20 81 100
note 144 146 20 79 100
note 146 148 20 74 100
note 148 150 20 79 100
note 150 152 20 81 100
note 152 154 20 82 100
note 154 156 20 84 100
note 156 158 20 86 100
note 158 160 20 88 100
/* measure 6 */
note 160 162 20 89 100
note 162 164 20 88 100
note 164 166 20 86 100
note 166 168 20 89 100
note 168 170 20 88 100
note 170 172 20 86 100
note 172 174 20 85 100
note 174 176 20 88 100
note 176 180 20 86 100
note 180 184 20 81 100
note 184 188 20 86 100
note 188 192 20 88 100
/* measure 7 */
note 192 194 20 89 100
note 194 196 20 91 100
note 196 198 20 89 100
note 198 200 20 91 100
/* trill */
note 200 201 20 93 100
note 201 206 20 91 100
note 202 203 20 93 80
note 203 204 20 93 80
note 204 205 20 93 80
/* end trill */
note 206 207 20 89 100
note 207 208 20 91 100
note 208 210 20 93 100
note 210 212 20 91 100
note 212 214 20 93 100
note 214 216 20 94 100
note 216 218 20 93 100
note 218 220 20 91 100
note 220 222 20 89 100
note 222 224 20 88 100
/* measure 8 */
note 224 226 20 89 100
note 226 228 20 93 100
note 228 230 20 91 100
note 230 232 20 93 100

note 232 234 20 85 100
note 234 236 20 93 100
note 236 238 20 91 100
note 238 240 20 93 100

note 240 242 20 86 100
note 242 244 20 93 100
note 244 246 20 91 100
note 246 248 20 93 100

note 248 250 20 85 100
note 250 252 20 93 100
note 252 254 20 91 100
note 254 256 20 93 100
/* measure 9 */
note 256 258 20 89 100
note 258 260 20 86 100
note 260 262 20 85 100
note 262 264 20 86 100

note 264 266 20 91 100
note 266 268 20 86 100
note 268 270 20 85 100
note 270 272 20 86 100

note 272 274 20 93 100
note 274 276 20 86 100
note 276 278 20 85 100
note 278 280 20 86 100

note 280 282 20 91 100
note 282 284 20 86 100
note 284 286 20 85 100
note 286 288 20 86 100
/* measure 10 */
note 288 292 20 81 100
note 292 296 20 89 100
note 296 300 20 79 100
note 300 304 20 87 100

note 304 308 20 77 100
note 308 312 20 81 100
note 312 316 20 86 100
note 316 320 20 89 100
/* measure 11 */
note 320 324 20 87 100
note 324 328 20 93 100
note 328 332 20 87 100
note 332 336 20 86 100
note 336 340 20 91 100
note 344 348 20 86 100
repeat 348
/* measure 12 */

/* top line part 2 */
set-play-from 160
/* measure 6 */
note 160 168 20 74 100
note 168 176 20 81 100
note 176 188 20 77 100
note 188 192 20 76 100
note 192 196 20 74 100
/* measure 7 */
note 196 200 20 77 100
note 200 204 20 76 100
note 204 208 20 74 100
note 208 212 20 73 100
note 212 216 20 76 100
note 216 224 20 69 100
repeat 224
set-play-from 224
/* measure 8 */
note 224 228 20 74 100
note 228 232 20 69 100
note 232 236 20 76 100
note 236 240 20 69 100
note 240 244 20 77 100
note 244 246 20 76 100
note 246 248 20 74 100
note 248 252 20 76 100
note 252 256 20 69 100
/* measure 9 */
note 256 260 20 74 100
note 260 262 20 69 100
note 262 264 20 74 100
note 264 268 20 76 100
note 268 270 20 69 100
note 270 272 20 76 100
note 272 276 20 77 100
note 276 278 20 76 100
note 278 280 20 74 100
note 280 282 20 76 100
note 282 284 20 69 100
note 284 286 20 81 100
note 286 288 20 79 100
/* measure 10 */
skip-after-one 288
note 288 290 20 77 100
note 290 292 20 76 100
note 292 294 20 74 100
note 294 296 20 77 100
note 296 298 20 76 100
note 298 300 20 74 100
note 300 302 20 73 100
note 302 304 20 76 100
note 304 306 20 74 100
note 306 308 20 69 100
note 308 310 20 74 100
note 310 312 20 76 100
note 312 314 20 77 100
note 314 316 20 79 100
note 316 318 20 81 100
note 318 320 20 83 100
/* measure 11 */
note 320 322 20 72 100
note 322 324 20 70 100
note 324 326 20 72 100
note 326 328 20 74 100
note 328 330 20 72 100
note 330 332 20 70 100
note 332 334 20 69 100
note 334 336 20 70 100
note 336 338 20 72 100
note 338 340 20 70 100
note 340 342 20 69 100
note 342 344 20 67 100
note 344 346 20 70 100
/* measure 12 */


/* Second ending (temp, improvised) */
/* D-minor 1st inversion */
skip-after-one 348
note 348 356 20 77 100
note 348 356 20 81 100
note 348 356 20 86 100

/* D-minor root position */
note 356 364 20 77 100
note 356 364 20 81 100
note 356 364 20 74 100

/* D-major */
note 364 372 20 77 100
note 364 372 20 81 100
note 364 372 20 75 100

/* G-major */
note 372 380 20 70 100
note 372 380 20 74 100
note 372 380 20 67 100
repeat 380

/* final ending */
note 380 440 20 7 100
note 380 440 10 7 100
note 388 440 20 19 100
note 388 440 10 19 100
note 396 440 20 31 100
note 396 440 10 31 100



